名次 姓名 分數1 分數2 分數3 分數4  總分  平均
  1 劉孟哲  92    95    99    84   370   92.50
  2 王昭元  95    90    99    84   368   92.00
  3 蕭立賢  95    92    99    80   366   91.50
  4 黃珮民  94    95    93    83   365   91.25
  5 張志聿  90    93    99    80   362   90.50
  6 黃家昱  88    95    84    90   357   89.25
  7 張云箐  93    83    99    80   355   88.75
  8 吳柏泯  95    80    99    80   354   88.50
  9 陳人豪  93    93    80    85   351   87.75
 10 陳奕廷  90    85    93    83   351   87.75
 11 李重毅  82    85    99    84   350   87.50
 12 馬瑞祥  84    82    99    80   345   86.25
 13 林毓清  90    65    95    92   342   85.50
 14 黃竹棋  90    83    82    85   340   85.00
 15 黃建順  84    90    80    85   339   84.75
 16 黃麗芳  93    83    78    82   336   84.00
 17 游鎮安  83    93    78    82   336   84.00
 18 蔡慶隆  85    70    99    80   334   83.50
 19 李宗翰  88    84    78    82   332   83.00
 20 黃軍維  70    85    78    82   315   78.75
	
平均    88.70  86.05  90.50  83.15
均方差   5.94   7.88   9.06   3.18